0.000000000000000000e+00 0.000000000000000000e+00 0.000000000000000000e+00 0.000000000000000000e+00 0.000000000000000000e+00 5.163610177115838451e+04 5.120676979441164440e+04
0.000000000000000000e+00 0.000000000000000000e+00 0.000000000000000000e+00 0.000000000000000000e+00 0.000000000000000000e+00 5.421300797619829973e+04 5.396216074458530784e+04
0.000000000000000000e+00 0.000000000000000000e+00 0.000000000000000000e+00 0.000000000000000000e+00 0.000000000000000000e+00 5.417460799440454866e+04 5.460334031476228120e+04
6.009998309909385483e+01 3.540137303092204206e+02 1.977147833738285669e+02 5.267075021369654451e+02 5.186395532307965794e+01 4.176369448824139545e+04 5.846784684596424631e+04
1.368087587143929227e+02 7.511765781069087780e+02 4.459285152130968299e+02 1.197182044732719078e+03 1.365407962435239710e+02 5.097263535032148502e+04 5.360560139142218395e+04
1.642586028691302715e+02 1.057770689263231588e+03 5.699899464929003443e+02 1.618658617004075722e+03 1.572754548499904672e+02 4.169847469117133005e+04 5.569956541720714449e+04
2.083704504171396081e+02 1.628297032379933853e+03 8.819999648750134611e+02 2.676074458544136633e+03 2.211959098047828149e+02 4.838634389286682563e+04 4.621635559530511091e+04
2.636541696335480651e+02 2.230550002251885417e+03 1.016035780801160058e+03 3.796693599679577801e+03 2.349409206991704480e+02 4.006501770967504126e+04 5.986223706701420451e+04
2.635648941104320784e+02 2.487933448296014831e+03 1.335231840644013573e+03 4.240301867381623197e+03 2.558126665258178605e+02 4.349322622936043626e+04 4.425830442351275997e+04
2.939440974487984022e+02 2.926865636058222208e+03 1.025123602205611405e+03 4.583772664798720143e+03 2.108769957424821939e+02 4.533093692847592320e+04 5.024483293448913173e+04
